02_Shp_Vect/Input_Model/Topo_Union.grd
DSAA
667 379
1100608.3441574 1108933.0210426
1280449.9210574 1285174.7376426
595 1435
[rows 216 to 242 of 379, columns 120 to 179 of 667]
705 702 700 699 697 696 694 692 689 687 685 683 682 680 678 677 677 676 676 676 676 676 675 674 673 672 672 672 671 671 669 666 663 660 657 653 648 644 639 635 631 628 627 626 626 625 625 625 625 625 626 626 626 626 626 626 627 627 627 627
707 704 701 699 697 695 693 691 689 687 685 683 682 681 679 678 677 677 676 676 676 675 675 674 674 673 673 672 672 671 669 666 663 659 656 652 648 643 639 634 630 628 627 627 627 626 626 625 624 624 625 625 625 625 625 625 626 626 626 627
708 705 702 699 697 695 693 691 689 686 685 684 682 681 680 679 678 677 677 676 676 675 675 675 675 674 674 673 672 671 669 666 663 659 655 651 648 643 639 635 631 629 627 627 627 626 626 625 624 624 624 624 624 624 624 624 625 626 626 627
709 706 703 700 698 696 693 691 688 687 685 684 683 682 681 680 679 678 677 677 676 676 676 676 676 675 674 673 672 671 668 666 662 659 655 651 648 644 640 636 633 631 629 627 627 626 626 625 625 624 623 623 623 623 623 623 624 625 626 627
710 706 704 701 699 697 694 691 689 687 686 685 684 683 682 681 680 679 678 677 677 677 677 677 677 676 675 673 672 670 668 665 662 659 655 651 648 644 641 638 635 633 630 628 626 626 626 626 625 624 623 623 623 623 623 623 624 625 626 627
710 707 704 702 700 698 695 692 690 689 687 686 686 685 684 683 682 681 680 679 678 678 678 678 678 677 675 673 671 669 667 665 662 659 656 652 649 646 643 640 638 635 632 628 626 626 625 625 625 625 624 624 623 623 623 623 623 624 625 626
710 706 704 702 701 700 697 694 692 690 689 688 688 687 686 685 684 682 681 681 680 680 679 679 679 678 675 673 671 668 667 665 662 659 656 653 650 647 645 642 640 637 633 629 626 625 625 625 625 625 625 625 624 624 623 623 623 624 624 625
710 707 705 703 702 701 698 696 694 692 691 690 689 688 687 686 685 684 683 682 682 681 681 680 679 677 675 673 670 668 666 665 662 660 657 654 651 649 647 644 642 639 635 631 628 626 625 625 625 625 625 625 625 624 623 623 623 623 624 624
711 708 705 703 702 701 699 697 695 694 692 691 690 689 689 688 687 686 685 684 683 683 682 680 679 676 674 672 669 667 666 664 662 660 658 655 653 650 649 647 644 641 637 633 630 627 626 625 626 626 626 626 625 624 623 623 623 623 623 624
714 710 707 705 703 702 700 698 696 695 694 693 691 690 690 689 688 687 687 686 685 684 683 681 679 676 673 671 669 667 665 664 662 661 659 656 654 652 650 648 646 643 640 636 632 629 627 626 626 626 626 626 625 624 624 623 623 623 623 623
718 714 710 707 705 703 701 699 698 696 695 694 693 692 691 690 690 689 688 688 687 686 684 682 679 677 674 671 669 667 665 664 662 661 659 657 655 653 652 650 648 645 642 639 635 632 629 628 627 626 626 626 625 625 624 624 623 623 623 623
723 718 713 709 707 705 702 700 699 698 696 695 694 693 692 692 691 691 690 689 688 687 685 683 680 678 674 672 669 667 666 665 663 661 659 657 655 654 653 651 649 647 644 641 638 634 631 629 628 627 626 626 626 626 625 624 624 623 623 623
727 721 716 711 708 706 704 702 700 699 698 697 695 694 693 693 692 692 691 690 689 688 686 684 681 679 676 673 670 668 666 665 663 661 658 657 655 654 653 651 650 648 645 643 639 636 633 631 629 628 627 626 626 627 626 625 624 624 623 623
730 724 718 713 710 707 705 704 702 701 700 698 697 696 695 694 693 693 692 691 689 688 686 684 682 680 678 675 672 670 667 665 663 660 658 656 654 653 652 651 650 649 647 644 641 638 635 632 631 629 627 627 627 627 627 626 625 624 624 623
732 726 720 715 711 709 707 705 704 702 701 700 699 698 696 695 694 693 692 690 689 687 686 684 683 681 679 676 673 670 667 665 662 660 657 655 653 652 651 651 650 649 647 644 641 638 636 634 632 630 628 627 627 627 627 626 626 625 624 623
732 727 722 717 713 710 708 706 705 704 702 702 701 700 698 697 695 694 692 690 688 687 685 684 683 681 678 675 672 669 666 664 661 658 656 654 652 651 651 651 650 649 646 644 641 638 636 635 633 631 629 627 626 626 626 626 626 625 624 623
733 728 724 719 715 712 710 708 706 705 704 703 702 701 700 698 696 694 691 689 687 686 685 684 683 681 678 675 671 668 665 663 660 658 656 654 652 652 651 651 650 648 646 643 641 638 637 636 634 632 629 627 626 625 625 626 626 625 624 623
735 731 726 722 718 714 712 710 708 707 706 705 704 702 701 699 697 694 691 688 686 685 684 684 683 681 678 674 670 667 664 663 661 658 657 655 653 652 652 651 649 647 645 643 641 639 637 636 634 632 629 627 625 624 625 625 625 625 624 623
738 734 729 725 721 717 714 712 710 709 708 706 705 703 701 699 697 694 691 688 686 685 684 684 683 681 678 674 670 666 664 662 661 660 658 656 655 653 653 651 649 647 645 643 642 640 638 636 634 632 628 626 625 624 624 625 625 624 624 623
742 738 733 728 724 720 717 714 713 711 710 708 706 704 702 699 697 694 691 688 686 685 684 684 683 681 678 675 670 666 664 663 662 661 659 658 656 655 653 652 649 647 646 644 642 641 639 637 635 632 629 627 625 624 625 625 625 625 624 624
747 742 737 732 727 723 720 717 715 714 712 710 707 705 702 699 697 694 691 688 686 685 684 684 683 681 679 675 671 668 665 663 662 661 661 660 659 657 654 652 650 648 647 645 643 642 640 638 636 633 630 628 627 626 625 625 625 625 625 624
751 745 740 734 730 726 723 720 718 716 714 711 709 706 703 700 697 694 692 689 687 685 684 684 683 681 679 676 672 669 667 665 664 663 662 662 661 659 656 653 651 649 647 646 644 643 641 639 638 635 632 630 628 627 627 626 626 626 626 625
752 747 741 737 732 728 725 723 721 719 716 713 710 707 703 700 698 695 693 691 689 687 685 684 683 681 679 677 674 672 670 668 666 665 664 663 662 660 657 655 652 649 648 646 645 644 643 641 639 637 634 632 630 629 628 628 628 627 626 625
753 748 743 738 734 731 728 726 724 722 719 716 712 708 705 701 699 697 694 692 690 688 686 684 682 681 679 677 676 675 673 671 669 668 666 665 664 662 659 656 653 650 648 647 646 645 644 643 641 639 636 634 632 631 630 630 629 628 627 626
754 748 743 739 735 733 731 729 727 725 723 719 716 712 708 704 702 699 697 694 692 690 688 685 683 681 679 678 678 677 675 673 672 670 669 667 666 664 662 659 655 651 649 648 647 647 646 645 643 641 638 636 634 632 631 631 630 628 627 626
754 748 743 739 737 735 733 733 731 730 728 724 720 716 712 708 705 702 699 697 694 692 689 687 684 682 680 679 679 679 677 675 674 672 671 670 668 667 664 661 657 654 651 650 649 648 648 647 645 643 640 638 635 633 632 631 630 629 627 627
754 749 744 740 738 737 736 736 735 734 732 728 724 720 716 712 708 705 702 699 696 694 691 688 685 683 681 680 681 681 680 678 676 674 672 671 670 668 666 663 659 656 653 651 650 650 649 649 647 645 642 639 636 633 632 631 630 629 628 627
