02_Shp_Vect/Input_Model/Topo_Union.grd
DSAA
667 379
1100608.3441574 1108933.0210426
1280449.9210574 1285174.7376426
595 1435
[rows 216 to 242 of 379, columns 180 to 239 of 667]
626 626 625 625 626 626 626 627 627 627 627 627 626 612.33544921875 612.36895751953 612.43603515625 612.48468017578 612.62738037109 612.80572509766 613.08355712891 613.19635009766 613.37677001953 613.51507568359 613.96398925781 623.61767578125 632.64050292969 634.72985839844 636 634.71026611328 630 635.56121826172 643.974609375 646.36578369141 648 648.59899902344 651.60235595703 657.49951171875 664.57769775391 666 666 666.16882324219 666.50659179688 666.0849609375 666 664.62634277344 661.11206054688 656.41967773438 650.11834716797 649.58050537109 649.25335693359 648.59735107422 648 648.70227050781 652.85198974609 655.84759521484 656.77069091797 658 658 658.98974609375 661.28283691406
627 627 626 626 626 626 626 627 627 627 627 627 627 626 612.26202392578 612.3291015625 612.38342285156 612.53112792969 612.73773193359 612.86590576172 613.04400634766 613.16363525391 613.33135986328 613.88952636719 619.21032714844 631.20672607422 634.09173583984 636 636 631.75091552734 631.01715087891 642.56964111328 645.07989501953 645.67584228516 646.87677001953 651.50207519531 658.31591796875 664.5146484375 666 666 666 665.57678222656 665.25909423828 665.30279541016 663.53558349609 659.52264404297 653.94488525391 648.6904296875 648.42114257813 648.14404296875 648 648 649.82470703125 652 653.36297607422 654.96899414063 658 658 659.2509765625 661.88262939453
627 627 626 626 626 626 626 627 627 627 627 627 627 627 612.18481445313 612.22216796875 612.28454589844 612.45965576172 612.57452392578 612.71124267578 612.8349609375 612.94073486328 613.17883300781 613.80090332031 615.17327880859 623.94635009766 632.49340820313 636 636 635.57696533203 630 639.76690673828 641.16888427734 643.81188964844 644.55322265625 651.03363037109 659.42669677734 664 663.41705322266 663.46417236328 663.24633789063 663.29870605469 663.41094970703 663.87890625 662.23590087891 659.12005615234 653.56536865234 648 647.55047607422 646.765625 647.44158935547 647.51770019531 649.57232666016 651.88623046875 652 654.20056152344 658 658 660.05847167969 662.29425048828
627 627 627 627 626 626 626 627 627 628 628 628 628 627 627 612.03662109375 612.0654296875 612.08410644531 612.10272216797 612.24981689453 612.39373779297 612.65093994141 612.92681884766 613.40777587891 613.6552734375 613.90490722656 618.24017333984 633.13488769531 635.11993408203 636 636 631.60809326172 639.08325195313 641.22204589844 643.41461181641 650.40112304688 657.92797851563 658.09368896484 659.31604003906 659.64685058594 660.01953125 660.41479492188 660.69616699219 660.99432373047 660.47619628906 659.40283203125 658 647.43359375 645.92749023438 644.72399902344 644 644.34259033203 648.97143554688 652 652.98522949219 654.86883544922 657.90032958984 658.71405029297 660.27825927734 662.05126953125
627 627 627 627 626 626 626 627 627 628 628 628 628 628 627 627 612 612 612 612 612.20709228516 612.47137451172 612.7353515625 613.21453857422 613.48443603516 613.78088378906 614.68395996094 631.70861816406 633.28015136719 634.73547363281 634.48901367188 630 638.00274658203 640.03790283203 642.31292724609 649.83972167969 651.69561767578 654.03796386719 655.81549072266 657.71508789063 658.49633789063 659.01135253906 659.47076416016 659.65509033203 659.20050048828 658.22143554688 654.41271972656 646.65844726563 644.66619873047 644 644 644.33935546875 649.45709228516 652 653.13140869141 654.58349609375 657.12664794922 658 658.81188964844 662.35205078125
626 626 626 626 626 626 626 627 627 627 628 628 628 628 627 626 612 612 612 612 612.01599121094 612.27362060547 612.5341796875 613.12884521484 613.42504882813 613.72119140625 614 627.38793945313 630.09356689453 628.49774169922 630 630 634.57409667969 639.18469238281 641.71862792969 649.09197998047 650.57086181641 651.46063232422 652.21490478516 655.69720458984 656.58422851563 657.27581787109 658.23919677734 658.26501464844 657.83135986328 656.26184082031 652.58898925781 646.39984130859 644.29138183594 644 644 644.25640869141 649.57080078125 652 652.38104248047 653.44122314453 656.69842529297 658 659.55163574219 664.01525878906
625 625 625 625 625 625 626 626 627 627 627 627 627 627 627 626 611.90509033203 612 612 612 612 612.20849609375 612.5009765625 613.08605957031 613.37854003906 613.67248535156 613.97082519531 622.08312988281 626 630.79577636719 634.84423828125 630.43908691406 632.28381347656 638.67041015625 641.20288085938 648.71942138672 649.82427978516 650.619140625 651.52581787109 653.63757324219 654.1767578125 654.75842285156 655.71759033203 656.51416015625 656.04125976563 654.92150878906 652.36981201172 646.70477294922 644.50134277344 644 644 644.24163818359 649.81854248047 651.86328125 652 653.4365234375 656.52172851563 657.98553466797 661.19171142578 664.61968994141
625 625 625 625 625 625 625 625 626 626 627 627 627 626 626 625 611.68310546875 611.98895263672 612 612 612.02166748047 612.29711914063 612.5498046875 613.01025390625 613.24047851563 613.46270751953 613.65490722656 615.57885742188 623.47491455078 631.12091064453 633.44274902344 638 630 634.04748535156 639.65936279297 648.12652587891 649.0791015625 649.85534667969 650.60430908203 651.35205078125 651.35943603516 651.45098876953 651.13720703125 651.97875976563 652.40533447266 652.13861083984 652 648.34356689453 646.48059082031 644.43731689453 644 644 649.58697509766 652 652 653.00262451172 656.44281005859 659.85571289063 663.80541992188 667.17572021484
624 624 624 624 624 624 624 625 625 625 626 626 626 625 625 624 611.57208251953 611.8779296875 612 612 612 612.17523193359 612.40551757813 612.86596679688 613.095703125 613.28784179688 613.49060058594 613.85614013672 615.88824462891 628.69512939453 632.80291748047 638 630.31420898438 632.27972412109 638.49169921875 647.95104980469 648.84729003906 649.66833496094 650.05157470703 650.83227539063 650.79266357422 650.87078857422 650.23425292969 650.66796875 650.88098144531 650.84100341797 650.16491699219 647.26715087891 646.04644775391 644.18420410156 644 644 647.92901611328 651.29705810547 652 652 656.30603027344 659.93981933594 664.44378662109 668.31756591797
624 624 624 624 624 624 624 624 624 625 625 625 625 625 624 624 611.46112060547 611.76696777344 612 612 612 612.03094482422 612.26123046875 612.7216796875 612.92077636719 613.12652587891 613.27380371094 613.69024658203 614 620.45001220703 631.18542480469 636.7275390625 630.58074951172 632.29144287109 638.09063720703 647.65789794922 648.73229980469 649.13854980469 649.55688476563 650.30584716797 650.232421875 650.25384521484 649.61730957031 649.25140380859 649.47906494141 649.38739013672 648.62268066406 645.72229003906 644.53833007813 643.64624023438 642.35998535156 643.69458007813 647.01605224609 649.41442871094 650.72229003906 652 656.69427490234 660.36474609375 665.08264160156 669.01885986328
623 624 624 624 624 623 623 623 623 624 624 624 625 624 624 623 611.35009765625 611.65594482422 611.96179199219 612 612 612 612.11694335938 612.5546875 612.74377441406 612.88702392578 613.03021240234 613.53125 613.88818359375 616.96453857422 620.42785644531 636 630 632.11755371094 639.05706787109 646.95843505859 648.22552490234 648.64385986328 649.06219482422 649.76538085938 649.66094970703 649.63690185547 649.00030517578 648 648.07720947266 648 646.58587646484 642.96661376953 640.91949462891 639.08526611328 639.13189697266 641.85174560547 646.99755859375 648.40753173828 649.69262695313 650.97857666016 658.06103515625 661.49700927734 664.90441894531 668.07257080078
623 623 624 624 623 623 623 623 623 623 623 624 624 624 623 623 611.12811279297 611.43395996094 611.73980712891 612 612 612 612 612.11346435547 612.25665283203 612.39990234375 612.55010986328 613.3271484375 613.76831054688 615.24523925781 619.46496582031 633.16064453125 630 631.65002441406 638.34967041016 646.91485595703 648 648 648.07281494141 648.68438720703 648.57995605469 648.40289306641 648 646.89739990234 646.02307128906 644.77673339844 639.99578857422 638 638.62316894531 640.07794189453 641.59350585938 643.92828369141 647.18402099609 648 648.00506591797 650.64794921875 658.17230224609 663.24182128906 667.06872558594 670.58428955078
623 623 624 624 623 623 623 623 623 623 623 623 623 623 623 623 611.02038574219 611.32293701172 611.62878417969 612 612 612 612 612 612.01312255859 612.15631103516 612.40197753906 613.27233886719 613.69604492188 614.31225585938 619.81585693359 628.73181152344 630 631.83251953125 639.27502441406 646.31036376953 648 648 648 648.14392089844 648.03948974609 647.87261962891 647.66271972656 646.24243164063 644.47216796875 639.83477783203 638 638 639.36511230469 641.05963134766 642.73645019531 644.22552490234 646.53375244141 647.70513916016 648 650.90399169922 658.94091796875 663.89971923828 667.40301513672 670.78997802734
622 622 623 623 624 624 623 623 623 623 623 623 622 622 622 622 610.92999267578 611.21197509766 611.51782226563 612 612 612 612 612 612 612 612.32794189453 613.15692138672 613.56286621094 613.96887207031 618.48840332031 626.34729003906 628.85949707031 634.15411376953 639.52410888672 645.05004882813 646.94201660156 648 647.85021972656 647.60821533203 647.42132568359 646.99462890625 646.55914306641 645.26928710938 642.45483398438 637.99005126953 637.57263183594 638 639.62548828125 641.36102294922 643.09375 644.37628173828 646.30474853516 647.21862792969 648.49517822266 652.1943359375 659.486328125 664.28662109375 667.41070556641 670.56506347656
622 622 623 623 624 624 624 623 623 623 623 623 622 622 622 622 610.83612060547 611.10095214844 611.40679931641 612 612 612 612 612 612 612 612.00103759766 612.73443603516 613.10113525391 613.60980224609 617.32043457031 626 628.322265625 635.30047607422 639.70501708984 644.65173339844 646.38262939453 647.34558105469 647.20434570313 646.95971679688 646.72052001953 646.42620849609 645.77325439453 644.24005126953 640.38165283203 637.51831054688 636.78466796875 638.44671630859 639.96307373047 641.47943115234 642.99578857422 644.31292724609 646.26733398438 647.30053710938 649.48962402344 653.34118652344 659.54083251953 664.29254150391 667.22125244141 670.80743408203
622 622 623 623 624 624 624 624 624 624 623 623 622 622 622 621 610.64831542969 610.87896728516 611.18481445313 611.79779052734 612 612 612 612 612 612 612 612 612 612.87487792969 617.54553222656 624.91094970703 630.83734130859 633.97009277344 637.73937988281 644.38311767578 645.07757568359 645.56280517578 645.95318603516 645.57977294922 645.33081054688 645.08184814453 644.69653320313 641.77819824219 638.04754638672 636.63464355469 636.10980224609 638.7646484375 640.17370605469 641.57666015625 642.94384765625 644.23272705078 646.49108886719 647.63494873047 650.20971679688 653.57220458984 661.61810302734 665.32580566406 668.92840576172 672
622 622 623 623 624 624 625 625 625 624 624 623 622 622 621 621 610.55444335938 610.76794433594 611.07379150391 611.77197265625 612 612 612 612 612 612 612 612 612 612.09368896484 617.36004638672 625.54028320313 632.28820800781 635.02502441406 637.64172363281 644 644.18621826172 644.67144775391 645.15661621094 644.88494873047 644.63592529297 644.38696289063 644.13800048828 640.12933349609 637.65411376953 636.35412597656 636.26361083984 638.71368408203 640.02697753906 641.28948974609 642.53717041016 643.70288085938 645.99969482422 647.18048095703 649.26300048828 653.43218994141 662.55267333984 666.24401855469 670.38885498047 672
622 622 623 623 624 624 625 625 625 625 624 623 622 621 620 620 610.46051025391 610.65698242188 610.96282958984 611.51446533203 612 612 612 612 612 612 612 612 612 612 616.66369628906 627.04211425781 633.54730224609 637.19989013672 639.13189697266 643.87194824219 644 644 644.26525878906 644.19006347656 644 644 644 638.69714355469 637.37738037109 636.32348632813 636 638.60241699219 639.76800537109 640.94342041016 642.11877441406 643.29418945313 645.74584960938 646.99114990234 648.76062011719 653.154296875 663.5048828125 667.09460449219 671.4140625 672
623 623 623 623 623 624 624 625 625 625 624 623 621 620 620 619 610.36663818359 610.54595947266 610.85180664063 611.29302978516 611.81634521484 612 612 612 612 612 612 612 612 612.48303222656 617.75061035156 627.89678955078 635.32336425781 638.60211181641 640.20733642578 643.62152099609 644 644 644 644 644 644 643.67761230469 637.8974609375 637.07098388672 636.24359130859 636 638.64636230469 639.78948974609 640.92669677734 642.05102539063 643.17541503906 645.85766601563 647.16491699219 649.91058349609 654.30383300781 662.89630126953 667.39117431641 671.568359375 672
623 623 623 623 624 624 625 625 625 625 624 623 621 620 619 619 610.17883300781 610.32397460938 610.58532714844 610.82159423828 611.08770751953 611.29772949219 611.61138916016 612 612 612 612 612 612 615.27124023438 620.55847167969 630.46124267578 638.02325439453 639.48352050781 640.5849609375 642.40942382813 643.17913818359 643.50732421875 643.732421875 643.37091064453 643.02972412109 642.53686523438 641.36529541016 637.25592041016 635.48999023438 634.59075927734 635.67517089844 638.08575439453 639.16271972656 640.23974609375 641.359375 642.46856689453 644.80615234375 649.85009765625 653.94812011719 657.36724853516 665.83770751953 670 670.44927978516 672
624 624 624 624 624 625 625 626 626 625 624 623 621 620 619 619 610.09490966797 610.21295166016 610.13928222656 610.38763427734 610.64367675781 610.8203125 611.13739013672 611.50024414063 611.79681396484 612 612 612 612.63311767578 616.84490966797 621.72930908203 631.10095214844 638.13195800781 639.25268554688 640.35223388672 641.73498535156 642.16033935547 642.52734375 642.75244140625 642.15899658203 641.81781005859 641.06707763672 640.19598388672 636.61590576172 635.20623779297 634 635.62963867188 638 638.72161865234 639.92016601563 641.19396972656 642.4677734375 645.14392089844 649.38134765625 654.41552734375 658.92126464844 666 668.58843994141 672 670.69836425781
624 624 624 624 625 625 626 626 626 626 625 623 621 620 619 619 610.06982421875 610 610 610 610.12139892578 610.34344482422 610.62713623047 610.85748291016 611.15753173828 611.94226074219 612 612 613.82647705078 620.39831542969 623.45086669922 634.35736083984 638.29504394531 639.41711425781 639.86541748047 640.71612548828 641.14147949219 641.56683349609 641.7724609375 641.08520507813 640.60589599609 640.19396972656 638.92980957031 636.40484619141 636 636.05279541016 637.38732910156 638 638.72332763672 639.95196533203 641.1806640625 642.46697998047 645.67889404297 650.82745361328 655.15698242188 659.76898193359 664.68078613281 667.22045898438 667.37414550781 665.09460449219
625 624 624 624 625 626 626 626 627 627 626 624 622 621 620 620 610.04473876953 610 610 610 610 610 610.08758544922 610.21850585938 610.42797851563 611.22515869141 612 612 615.55224609375 621.39166259766 624.73962402344 635.65521240234 638 638.42120361328 638.84655761719 639.697265625 640.12261962891 640.54797363281 640.79248046875 639.98779296875 639.57202148438 639.052734375 638 636.84429931641 636.80603027344 636.82672119141 636.94030761719 638 638.87298583984 640.10162353516 641.33032226563 642.55902099609 648 650.84820556641 656.0029296875 659.51171875 664.52478027344 665.83770751953 664.88128662109 663.5087890625
625 624 624 624 625 626 626 627 627 627 627 625 623 622 621 621 609.98614501953 610 610 610 610 610 610 610 610 610.74285888672 611.6298828125 618.189453125 620.39379882813 623.27496337891 627.68078613281 634.86975097656 638 638 638 638 638.0849609375 638.51031494141 638.81060791016 638 638 637.98034667969 638 638 638 638 638 638 639.15069580078 640.04156494141 641.15130615234 642.26110839844 644 648.61309814453 655.50183105469 658 659.53375244141 659.15490722656 659.05194091797 658.72332763672
625 625 624 624 625 626 627 627 627 627 627 625 624 623 622 621 621 609.98291015625 610 610 610 610 610 610 610 610.2685546875 612.60278320313 620.22546386719 621.95477294922 623.89202880859 626.35015869141 632.71014404297 636.84600830078 638 638 638 638 638 638 637.85180664063 637.72991943359 637.46325683594 637.29400634766 637.66827392578 637.85540771484 638 638 638 639.00256347656 640.14447021484 641.25421142578 642.36401367188 644 644 650.26361083984 655.05633544922 658 658 658 658
626 625 624 624 625 626 627 627 627 627 627 625 624 623 623 622 622 609.80035400391 610 610 610 610 610 610 610 610 614.67523193359 621.64825439453 623.21813964844 624.60186767578 625.94860839844 631.64447021484 635.12817382813 638 638 638 638 638 637.89154052734 636.751953125 637.00592041016 636.84600830078 636.58728027344 636.96160888672 637.14874267578 637.33587646484 637.52301025391 637.89727783203 638.20135498047 639.87774658203 641.55413818359 642.87237548828 645.12561035156 646.72985839844 648 651.05297851563 655.52026367188 658 658.37677001953 658
626 625 624 624 625 626 626 627 627 627 627 626 624 624 623 623 623 609.71209716797 609.87225341797 610 610 610 610 610 610 610 616.24810791016 621.45025634766 622.77233886719 624.09442138672 625.39642333984 629.20965576172 632.64617919922 635.84857177734 638 638 638 636.87884521484 636.51800537109 635.78015136719 636.19812011719 636.11376953125 636.04248046875 636.2548828125 636.44201660156 636.62915039063 636.81628417969 637.607421875 638 638.59387207031 640.67352294922 642.8984375 647.40936279297 648 648 648 653.82971191406 658.62292480469 659.66857910156 658.38299560547
