02_Shp_Vect/Input_Model/Topo_Union.grd
DSAA
667 379
1100608.3441574 1108933.0210426
1280449.9210574 1285174.7376426
595 1435
[rows 0 to 26 of 379, columns 600 to 659 of 667]
1246 1244 1243 1243 1243 1244 1244 1245 1244 1244 1244 1245 1246 1248 1249 1250 1251 1252 1253 1255 1257 1259 1261 1263 1265 1268 1270 1272 1275 1278 1281 1286 1291 1295 1297 1299 1298 1296 1293 1291 1288 1287 1287 1287 1287 1287 1287 1288 1289 1291 1293 1296 1299 1303 1306 1308 1309 1312 1315 1322
1241 1238 1236 1236 1236 1237 1237 1237 1237 1237 1237 1238 1239 1240 1241 1242 1243 1245 1247 1249 1251 1253 1255 1256 1258 1260 1262 1264 1266 1269 1272 1276 1281 1285 1289 1291 1291 1290 1288 1286 1285 1284 1283 1282 1282 1283 1283 1285 1287 1289 1292 1295 1299 1303 1307 1309 1310 1312 1315 1321
1236 1233 1231 1231 1230 1230 1230 1230 1230 1230 1230 1230 1231 1232 1234 1235 1236 1238 1240 1243 1246 1248 1250 1251 1253 1254 1256 1257 1260 1263 1266 1270 1273 1277 1281 1283 1285 1285 1284 1283 1282 1281 1280 1280 1280 1280 1281 1283 1286 1289 1292 1295 1299 1303 1308 1311 1314 1317 1321 1326
1232 1229 1226 1225 1225 1225 1224 1224 1223 1223 1223 1223 1224 1225 1227 1228 1230 1232 1235 1238 1241 1244 1246 1248 1249 1250 1252 1254 1256 1259 1262 1265 1268 1271 1274 1277 1278 1280 1280 1280 1280 1280 1279 1279 1279 1279 1281 1283 1286 1290 1293 1296 1299 1303 1308 1313 1317 1322 1326 1331
1228 1224 1222 1221 1220 1219 1219 1218 1217 1216 1216 1217 1218 1219 1221 1223 1224 1227 1230 1233 1236 1240 1243 1245 1248 1250 1252 1253 1255 1258 1260 1263 1265 1267 1269 1271 1273 1275 1276 1277 1277 1278 1278 1279 1280 1281 1284 1286 1289 1293 1296 1298 1301 1304 1308 1313 1318 1324 1330 1336
1224 1220 1218 1217 1216 1215 1213 1212 1211 1210 1210 1211 1213 1215 1217 1218 1220 1222 1225 1228 1232 1236 1240 1244 1247 1250 1253 1255 1256 1258 1260 1262 1263 1264 1265 1266 1268 1270 1272 1273 1275 1276 1278 1281 1283 1286 1288 1290 1293 1296 1298 1300 1303 1305 1308 1312 1318 1325 1332 1340
1220 1217 1214 1212 1211 1210 1209 1207 1206 1205 1206 1208 1210 1213 1215 1217 1218 1220 1223 1225 1229 1233 1237 1242 1246 1249 1252 1253 1255 1256 1257 1259 1260 1261 1262 1263 1265 1267 1269 1271 1273 1276 1280 1284 1287 1291 1292 1294 1295 1297 1299 1301 1303 1304 1306 1310 1316 1322 1330 1339
1217 1213 1210 1208 1207 1206 1205 1204 1202 1202 1204 1207 1209 1213 1215 1217 1219 1220 1222 1224 1226 1230 1235 1240 1244 1247 1249 1250 1251 1252 1253 1254 1256 1257 1259 1261 1263 1265 1267 1270 1273 1278 1283 1288 1293 1296 1297 1297 1297 1297 1298 1300 1302 1302 1303 1306 1311 1317 1325 1333
1212 1209 1206 1205 1203 1202 1202 1201 1200 1200 1203 1206 1210 1213 1216 1219 1220 1222 1223 1224 1226 1229 1234 1239 1243 1245 1247 1247 1247 1248 1249 1250 1252 1254 1257 1259 1262 1264 1267 1270 1274 1280 1286 1292 1298 1301 1301 1300 1298 1297 1297 1298 1300 1300 1301 1303 1307 1313 1320 1329
1208 1205 1203 1201 1200 1199 1199 1199 1199 1200 1203 1207 1211 1215 1218 1221 1224 1225 1226 1227 1228 1230 1234 1239 1241 1243 1244 1244 1243 1244 1244 1246 1248 1251 1255 1260 1263 1266 1270 1273 1278 1284 1291 1297 1302 1304 1303 1301 1298 1296 1294 1295 1296 1297 1299 1302 1306 1311 1318 1325
1203 1201 1199 1198 1197 1196 1196 1197 1199 1201 1205 1210 1213 1217 1221 1225 1228 1230 1231 1232 1232 1234 1236 1239 1241 1243 1243 1242 1241 1241 1242 1243 1246 1250 1255 1261 1265 1269 1273 1277 1282 1289 1296 1301 1305 1306 1305 1302 1299 1295 1293 1292 1293 1296 1299 1303 1306 1311 1317 1324
1199 1197 1196 1194 1193 1193 1194 1196 1199 1203 1208 1213 1217 1221 1225 1229 1233 1236 1238 1239 1238 1239 1240 1242 1243 1244 1245 1244 1243 1242 1242 1244 1247 1251 1256 1263 1268 1272 1277 1282 1287 1293 1300 1304 1308 1309 1308 1305 1302 1298 1296 1294 1294 1297 1301 1305 1309 1314 1318 1324
1194 1194 1193 1192 1190 1190 1191 1195 1201 1206 1212 1218 1222 1225 1229 1233 1238 1242 1245 1247 1246 1245 1245 1245 1247 1248 1249 1248 1247 1246 1245 1246 1249 1253 1259 1265 1271 1276 1282 1287 1292 1298 1303 1307 1311 1312 1311 1309 1306 1303 1301 1299 1299 1301 1305 1309 1314 1318 1322 1326
1189 1190 1191 1189 1188 1189 1191 1195 1203 1209 1216 1222 1225 1228 1232 1236 1241 1246 1251 1253 1252 1251 1250 1250 1251 1253 1254 1253 1252 1251 1250 1250 1253 1256 1262 1268 1274 1280 1286 1291 1297 1302 1307 1311 1314 1316 1315 1314 1311 1309 1307 1305 1305 1306 1309 1313 1318 1322 1325 1328
1183 1186 1187 1187 1187 1189 1192 1198 1206 1213 1220 1226 1229 1231 1234 1238 1243 1249 1255 1257 1256 1256 1256 1256 1258 1260 1261 1260 1259 1257 1256 1256 1257 1260 1265 1271 1277 1283 1289 1295 1300 1305 1311 1315 1319 1322 1321 1320 1319 1317 1315 1314 1313 1314 1315 1317 1320 1322 1325 1328
1179 1182 1185 1185 1186 1190 1195 1201 1208 1215 1222 1228 1231 1232 1234 1239 1244 1250 1256 1259 1260 1260 1261 1262 1264 1266 1267 1267 1266 1264 1262 1262 1263 1266 1270 1275 1281 1287 1293 1298 1303 1309 1315 1320 1325 1327 1327 1326 1325 1325 1324 1323 1322 1321 1321 1321 1323 1324 1327 1329
1176 1180 1183 1184 1187 1192 1197 1203 1210 1216 1223 1228 1230 1231 1233 1237 1242 1249 1255 1260 1262 1264 1265 1266 1268 1271 1273 1273 1272 1271 1270 1270 1271 1274 1278 1282 1287 1292 1297 1301 1306 1312 1319 1324 1329 1332 1332 1331 1331 1331 1331 1330 1330 1329 1328 1328 1329 1330 1331 1332
1175 1178 1181 1185 1189 1194 1200 1206 1211 1217 1222 1227 1229 1229 1231 1235 1240 1246 1253 1259 1263 1266 1268 1270 1273 1276 1278 1278 1278 1278 1277 1278 1281 1284 1287 1291 1294 1297 1301 1305 1310 1316 1323 1328 1333 1336 1336 1336 1336 1337 1337 1337 1337 1337 1336 1336 1336 1336 1336 1336
1176 1179 1182 1186 1191 1196 1202 1207 1212 1217 1222 1226 1227 1227 1229 1233 1238 1245 1252 1259 1265 1270 1272 1274 1277 1280 1283 1284 1285 1285 1286 1288 1291 1294 1297 1300 1303 1305 1308 1312 1317 1323 1329 1334 1337 1340 1340 1340 1341 1342 1342 1343 1344 1344 1343 1343 1343 1342 1342 1341
1179 1181 1184 1189 1193 1198 1204 1208 1213 1217 1221 1224 1225 1226 1228 1232 1237 1244 1252 1260 1267 1273 1277 1279 1282 1285 1287 1290 1292 1293 1295 1298 1301 1305 1308 1310 1313 1314 1317 1322 1327 1332 1337 1340 1342 1343 1343 1343 1344 1346 1347 1349 1350 1350 1350 1350 1349 1348 1347 1346
1184 1185 1188 1191 1195 1200 1206 1210 1214 1218 1221 1224 1225 1225 1227 1231 1236 1243 1252 1260 1268 1274 1279 1283 1286 1288 1291 1294 1297 1299 1302 1305 1309 1313 1316 1319 1321 1323 1326 1331 1335 1340 1344 1346 1347 1347 1347 1347 1348 1351 1353 1355 1356 1357 1356 1356 1355 1354 1353 1351
1190 1191 1192 1195 1198 1203 1208 1212 1216 1219 1222 1224 1225 1226 1227 1230 1235 1242 1250 1259 1267 1273 1279 1283 1287 1289 1292 1296 1300 1303 1306 1310 1314 1318 1322 1325 1328 1331 1334 1338 1342 1346 1349 1350 1351 1352 1352 1354 1355 1358 1360 1361 1362 1362 1362 1361 1361 1360 1358 1356
1197 1197 1198 1199 1201 1206 1211 1215 1218 1220 1223 1226 1227 1227 1228 1230 1234 1241 1249 1257 1265 1272 1277 1282 1286 1289 1293 1297 1301 1305 1309 1313 1317 1321 1325 1329 1333 1336 1340 1344 1347 1350 1352 1354 1356 1357 1359 1361 1363 1365 1366 1367 1367 1367 1367 1367 1367 1365 1363 1360
1205 1205 1205 1206 1207 1211 1215 1219 1221 1223 1226 1229 1230 1230 1231 1232 1235 1241 1248 1255 1262 1269 1275 1280 1284 1288 1292 1296 1301 1305 1310 1314 1318 1322 1326 1329 1333 1337 1341 1346 1350 1353 1356 1359 1362 1364 1367 1369 1370 1371 1372 1372 1372 1373 1373 1373 1373 1372 1369 1366
1215 1214 1214 1214 1215 1217 1220 1222 1225 1227 1230 1232 1233 1234 1235 1235 1237 1241 1247 1253 1259 1266 1272 1277 1281 1285 1290 1295 1300 1304 1309 1313 1317 1321 1324 1327 1330 1334 1339 1345 1351 1356 1360 1364 1369 1372 1375 1377 1378 1377 1377 1377 1378 1378 1378 1379 1379 1378 1375 1372
1223 1223 1222 1223 1223 1224 1226 1228 1230 1233 1235 1237 1238 1238 1239 1239 1240 1243 1248 1253 1260 1266 1271 1276 1280 1284 1288 1293 1299 1303 1308 1313 1317 1320 1322 1324 1328 1332 1338 1344 1351 1357 1363 1368 1373 1378 1381 1383 1383 1382 1382 1382 1383 1384 1384 1385 1385 1384 1381 1378
1232 1231 1232 1232 1233 1233 1233 1234 1237 1239 1241 1243 1243 1243 1243 1243 1244 1247 1251 1257 1264 1270 1275 1279 1281 1283 1287 1292 1297 1303 1308 1312 1316 1319 1320 1322 1325 1329 1335 1344 1352 1359 1365 1371 1377 1381 1384 1386 1387 1386 1386 1387 1388 1389 1390 1390 1390 1388 1386 1383
