02_Shp_Vect/Input_Model/Topo_Union.grd
DSAA
667 379
1100608.3441574 1108933.0210426
1280449.9210574 1285174.7376426
595 1435
[rows 324 to 350 of 379, columns 120 to 179 of 667]
859 851 845 840 834 828 821 815 810 808 803 795 786 775 764 755 750 746 741 736 730 722 714 704 695 688 682 676 670 663 653 643 633 624 617 613 611 610 611 611 611 611 611 610 610 609 608 608 609 609 610 612 614 616 619 622 625 627 628 628
860 851 844 838 832 826 820 814 809 805 799 792 782 772 760 751 746 741 737 731 724 716 707 697 689 681 675 669 664 659 652 643 635 625 618 614 611 610 611 611 611 610 610 610 610 609 609 608 609 609 610 612 615 618 621 625 628 630 632 632
862 853 845 838 832 826 819 813 807 803 797 789 780 769 757 748 743 738 732 727 719 710 701 693 684 677 670 664 660 656 650 643 635 626 619 614 611 610 611 611 610 610 610 610 610 609 609 609 609 610 612 614 617 620 624 628 631 634 636 637
867 857 849 841 833 826 819 813 806 800 794 787 779 769 757 748 741 735 728 722 715 706 698 690 682 675 668 662 658 654 648 642 634 626 619 614 611 610 610 610 610 609 609 610 610 610 610 610 611 612 614 617 619 622 625 629 634 638 642 643
871 861 852 844 835 827 820 813 806 799 793 786 779 769 758 748 740 733 726 719 712 704 696 689 681 674 667 661 656 652 647 641 634 625 619 614 611 610 610 610 609 609 609 609 609 609 610 611 613 615 617 620 622 624 627 631 636 642 647 649
874 864 854 845 836 828 821 814 807 801 793 786 779 769 759 750 742 734 726 719 712 705 698 690 683 675 668 662 657 652 646 641 634 626 619 615 612 610 610 610 609 609 608 608 608 609 610 612 614 617 620 623 624 626 629 633 638 645 650 653
876 867 856 846 837 829 822 816 810 803 796 788 779 770 761 753 745 737 729 721 714 708 701 693 685 678 671 664 658 652 647 642 635 627 621 616 613 611 610 610 609 608 608 607 607 608 610 612 615 619 623 626 627 628 630 634 640 647 653 657
876 867 856 847 839 832 826 819 813 806 798 789 781 772 764 756 748 740 732 724 717 712 705 697 689 682 675 668 661 654 649 644 637 630 624 619 615 612 611 609 608 607 607 606 607 608 609 612 616 620 625 628 630 631 634 637 643 649 655 659
875 866 856 848 842 836 830 823 816 808 801 792 783 775 767 759 752 745 737 730 723 716 710 702 695 687 680 672 664 657 651 646 641 635 630 624 619 615 611 609 607 606 605 605 606 608 610 613 616 621 626 630 633 636 639 642 647 652 657 661
873 866 857 850 845 840 833 826 819 811 803 794 786 778 770 763 757 750 743 735 728 721 714 708 701 693 685 677 668 661 655 650 645 640 635 629 623 617 613 609 607 605 604 605 606 607 609 612 616 621 626 631 636 640 643 646 650 654 658 662
873 867 859 853 847 842 835 829 821 812 804 796 789 782 775 768 762 756 748 740 732 726 719 712 706 698 689 681 673 665 659 654 649 644 639 632 626 620 615 611 608 606 605 605 605 605 607 610 615 620 627 634 639 644 647 649 652 655 659 662
873 868 862 855 849 843 837 831 823 814 805 798 791 785 779 773 767 761 753 744 737 730 723 717 711 703 694 686 677 670 664 659 654 648 642 635 629 623 617 613 610 608 606 605 604 604 606 609 613 620 628 635 641 647 650 652 654 657 659 662
872 867 862 856 850 844 838 832 824 815 807 800 793 787 781 776 771 765 757 749 741 733 726 720 715 707 699 691 682 675 669 664 658 652 646 638 631 625 620 615 612 610 608 606 605 605 606 608 612 618 625 632 640 646 650 653 656 658 661 664
870 866 861 855 850 844 838 832 825 817 808 801 794 788 782 777 772 768 761 754 746 737 729 723 718 711 704 696 687 680 673 668 662 656 649 641 633 627 622 618 615 612 610 608 607 607 607 609 611 615 621 627 636 644 650 655 658 660 662 667
868 863 858 853 847 842 837 831 824 816 808 801 794 788 782 778 774 770 764 757 749 740 732 727 722 715 708 700 692 683 677 672 666 660 653 644 635 629 624 620 617 615 613 610 609 608 608 609 612 616 621 629 638 647 653 658 661 662 665 670
864 859 853 848 843 838 833 827 820 812 805 798 793 788 783 779 776 771 766 760 752 743 735 730 726 719 712 704 695 686 680 675 669 663 656 647 638 631 626 622 619 617 615 613 611 609 609 610 612 619 628 638 648 657 660 662 664 665 668 673
859 854 848 843 839 834 828 822 815 807 801 795 790 786 783 780 776 772 767 762 755 746 739 734 729 723 715 707 697 689 683 677 671 665 658 649 641 633 627 623 621 619 617 615 612 610 609 610 614 623 635 646 658 666 668 667 668 669 672 677
854 849 844 839 835 830 823 816 809 801 795 790 786 783 781 778 776 773 768 762 756 749 743 738 732 725 717 709 700 691 684 678 672 666 659 650 641 634 628 623 621 619 617 615 613 610 609 611 615 625 639 652 664 673 675 673 673 674 676 681
849 844 839 834 830 825 818 809 802 795 789 785 782 779 777 775 774 772 768 762 757 751 746 741 735 727 719 710 702 693 686 679 672 666 659 650 642 634 628 623 621 618 616 614 612 610 609 612 617 628 643 656 669 678 680 679 679 680 681 686
843 839 834 829 825 820 813 804 797 790 784 780 776 774 772 770 769 767 764 759 754 750 745 741 735 728 720 711 703 695 687 680 672 665 658 649 641 634 628 623 620 617 615 613 611 608 609 612 618 630 645 658 669 678 682 682 684 685 687 690
836 832 828 824 820 815 808 801 794 787 781 775 770 767 765 763 761 759 756 753 750 746 742 738 734 727 720 713 705 697 689 681 673 665 656 648 640 633 627 622 618 615 612 610 608 606 607 612 620 631 645 656 666 674 679 683 686 689 692 695
828 825 822 818 814 809 802 795 789 783 777 771 765 761 758 756 753 751 749 747 744 741 737 734 730 725 719 712 705 698 691 682 674 664 655 647 639 632 626 621 616 613 610 608 606 604 605 611 619 631 645 656 666 674 680 685 689 693 697 700
820 817 815 811 807 802 795 788 783 778 773 766 760 755 752 749 747 745 742 740 737 733 730 728 725 720 715 709 704 698 691 683 674 664 655 647 639 632 626 620 616 612 609 607 605 603 603 606 613 625 642 657 671 681 687 689 693 697 701 705
813 810 807 804 800 794 788 781 776 772 768 762 755 750 746 743 741 739 736 733 729 725 722 720 718 714 710 705 702 697 690 682 673 663 654 646 639 632 626 620 615 611 608 606 603 601 601 602 608 622 642 660 678 691 695 695 697 701 705 710
808 804 801 797 792 787 781 774 769 766 762 757 751 746 742 738 736 734 731 727 723 718 714 712 710 707 704 701 699 694 687 679 670 660 651 644 637 631 625 620 615 611 608 606 603 598 598 603 613 631 654 673 687 696 699 698 700 704 708 714
805 800 795 790 785 780 774 768 763 759 755 751 747 743 738 734 732 730 726 721 716 711 706 703 701 700 699 697 694 690 682 673 665 656 648 641 635 629 624 619 615 611 609 608 603 595 595 607 624 647 673 690 697 700 702 702 703 706 711 717
802 796 790 785 779 774 768 763 758 753 749 746 743 738 734 730 728 725 721 716 710 704 700 696 694 692 692 691 688 683 676 667 659 651 643 637 632 626 622 617 613 610 609 608 604 597 599 615 636 659 685 700 703 703 704 705 707 710 715 721
